dfs(0, 0, -1, 0)
dfs(1, 0, 0, 1)
dfs(5, 0, 1, 2)
dfs(4, 0, 2, 3)
dfs(3, 0, 0, 4)
dfs(2, 0, 1, 5)
maxlen(1): 5
dfs(1, 0, -1, 0)
dfs(5, 0, 1, 1)
dfs(4, 0, 2, 2)
dfs(3, 0, 0, 3)
dfs(2, 0, 1, 4)
maxlen(2): 4
dfs(2, 0, -1, 0)
dfs(0, 0, 0, 1)
maxlen(3): 1
dfs(3, 0, -1, 0)
dfs(2, 0, 1, 1)
maxlen(4): 1
dfs(4, 0, -1, 0)
dfs(0, 0, 2, 1)
dfs(1, 0, 0, 2)
dfs(5, 0, 1, 3)
dfs(4, 0, 2, 4)
dfs(3, 0, 0, 5)
dfs(2, 0, 1, 6)
dfs(3, 0, 0, 1)
dfs(2, 0, 1, 2)
maxlen(5): 6
dfs(5, 0, -1, 0)
dfs(4, 0, 2, 1)
dfs(3, 0, 0, 2)
dfs(2, 0, 1, 3)
maxlen(6): 3
Case #1
6
dfs(0, 1, -1, 0)
dfs(1, 1, 0, 1)
dfs(5, 1, 1, 2)
dfs(4, 1, 2, 3)
dfs(0, 0, 2, 3)
dfs(1, 0, 0, 4)
dfs(5, 0, 1, 5)
dfs(4, 0, 2, 6)
dfs(3, 0, 0, 7)
dfs(2, 0, 1, 8)
dfs(3, 1, 0, 4)
dfs(2, 1, 1, 5)
dfs(0, 0, 1, 5)
maxlen(1): 8
dfs(1, 1, -1, 0)
dfs(5, 1, 1, 1)
dfs(4, 1, 2, 2)
dfs(0, 0, 2, 2)
dfs(1, 0, 0, 3)
dfs(5, 0, 1, 4)
dfs(4, 0, 2, 5)
dfs(3, 0, 0, 6)
dfs(2, 0, 1, 7)
dfs(3, 1, 0, 3)
dfs(2, 1, 1, 4)
dfs(0, 0, 1, 4)
maxlen(2): 7
dfs(2, 1, -1, 0)
dfs(0, 1, 0, 1)
dfs(1, 0, 0, 1)
dfs(5, 0, 1, 2)
dfs(4, 0, 2, 3)
dfs(3, 0, 0, 4)
dfs(2, 0, 1, 5)
maxlen(3): 5
dfs(3, 1, -1, 0)
dfs(2, 1, 1, 1)
dfs(0, 0, 1, 1)
maxlen(4): 1
dfs(4, 1, -1, 0)
dfs(0, 1, 2, 1)
dfs(1, 1, 0, 2)
dfs(5, 1, 1, 3)
dfs(4, 1, 2, 4)
dfs(0, 0, 2, 4)
dfs(1, 0, 0, 5)
dfs(5, 0, 1, 6)
dfs(4, 0, 2, 7)
dfs(3, 0, 0, 8)
dfs(2, 0, 1, 9)
dfs(3, 1, 0, 5)
dfs(2, 1, 1, 6)
dfs(0, 0, 1, 6)
dfs(3, 1, 0, 1)
dfs(2, 1, 1, 2)
dfs(0, 0, 1, 2)
maxlen(5): 9
dfs(5, 1, -1, 0)
dfs(4, 1, 2, 1)
dfs(0, 0, 2, 1)
dfs(1, 0, 0, 2)
dfs(5, 0, 1, 3)
dfs(4, 0, 2, 4)
dfs(3, 0, 0, 5)
dfs(2, 0, 1, 6)
dfs(3, 1, 0, 2)
dfs(2, 1, 1, 3)
dfs(0, 0, 1, 3)
maxlen(6): 6
Case #2
9
dfs(0, 2, -1, 0)
dfs(1, 2, 0, 1)
dfs(5, 2, 1, 2)
dfs(4, 2, 2, 3)
dfs(0, 1, 2, 3)
dfs(1, 1, 0, 4)
dfs(5, 1, 1, 5)
dfs(4, 1, 2, 6)
dfs(0, 0, 2, 6)
dfs(1, 0, 0, 7)
dfs(5, 0, 1, 8)
dfs(4, 0, 2, 9)
dfs(3, 0, 0, 10)
dfs(2, 0, 1, 11)
dfs(3, 1, 0, 7)
dfs(2, 1, 1, 8)
dfs(0, 0, 1, 8)
dfs(3, 2, 0, 4)
dfs(2, 2, 1, 5)
dfs(0, 1, 1, 5)
dfs(1, 0, 1, 5)
maxlen(1): 11
dfs(1, 2, -1, 0)
dfs(5, 2, 1, 1)
dfs(4, 2, 2, 2)
dfs(0, 1, 2, 2)
dfs(1, 1, 0, 3)
dfs(5, 1, 1, 4)
dfs(4, 1, 2, 5)
dfs(0, 0, 2, 5)
dfs(1, 0, 0, 6)
dfs(5, 0, 1, 7)
dfs(4, 0, 2, 8)
dfs(3, 0, 0, 9)
dfs(2, 0, 1, 10)
dfs(3, 1, 0, 6)
dfs(2, 1, 1, 7)
dfs(0, 0, 1, 7)
dfs(3, 2, 0, 3)
dfs(2, 2, 1, 4)
dfs(0, 1, 1, 4)
dfs(1, 0, 1, 4)
maxlen(2): 10
dfs(2, 2, -1, 0)
dfs(0, 2, 0, 1)
dfs(1, 1, 0, 1)
dfs(5, 1, 1, 2)
dfs(4, 1, 2, 3)
dfs(0, 0, 2, 3)
dfs(1, 0, 0, 4)
dfs(5, 0, 1, 5)
dfs(4, 0, 2, 6)
dfs(3, 0, 0, 7)
dfs(2, 0, 1, 8)
dfs(3, 1, 0, 4)
dfs(2, 1, 1, 5)
dfs(0, 0, 1, 5)
maxlen(3): 8
dfs(3, 2, -1, 0)
dfs(2, 2, 1, 1)
dfs(0, 1, 1, 1)
dfs(1, 0, 1, 1)
maxlen(4): 1
dfs(4, 2, -1, 0)
dfs(0, 2, 2, 1)
dfs(1, 2, 0, 2)
dfs(5, 2, 1, 3)
dfs(4, 2, 2, 4)
dfs(0, 1, 2, 4)
dfs(1, 1, 0, 5)
dfs(5, 1, 1, 6)
dfs(4, 1, 2, 7)
dfs(0, 0, 2, 7)
dfs(1, 0, 0, 8)
dfs(5, 0, 1, 9)
dfs(4, 0, 2, 10)
dfs(3, 0, 0, 11)
dfs(2, 0, 1, 12)
dfs(3, 1, 0, 8)
dfs(2, 1, 1, 9)
dfs(0, 0, 1, 9)
dfs(3, 2, 0, 5)
dfs(2, 2, 1, 6)
dfs(0, 1, 1, 6)
dfs(1, 0, 1, 6)
dfs(3, 2, 0, 1)
dfs(2, 2, 1, 2)
dfs(0, 1, 1, 2)
dfs(1, 0, 1, 2)
maxlen(5): 12
dfs(5, 2, -1, 0)
dfs(4, 2, 2, 1)
dfs(0, 1, 2, 1)
dfs(1, 1, 0, 2)
dfs(5, 1, 1, 3)
dfs(4, 1, 2, 4)
dfs(0, 0, 2, 4)
dfs(1, 0, 0, 5)
dfs(5, 0, 1, 6)
dfs(4, 0, 2, 7)
dfs(3, 0, 0, 8)
dfs(2, 0, 1, 9)
dfs(3, 1, 0, 5)
dfs(2, 1, 1, 6)
dfs(0, 0, 1, 6)
dfs(3, 2, 0, 2)
dfs(2, 2, 1, 3)
dfs(0, 1, 1, 3)
dfs(1, 0, 1, 3)
maxlen(6): 9
Case #3
12
dfs(0, 0, -1, 0)
dfs(1, 0, 0, 1)
dfs(5, 0, 1, 2)
dfs(4, 0, 2, 3)
dfs(0, 0, 2, 3)
dfs(1, 0, 0, 4)
dfs(5, 0, 1, 5)
dfs(4, 0, 2, 6)
dfs(0, 0, 2, 6)
dfs(1, 0, 0, 7)
maxlen(1): 1999999
dfs(1, 0, -1, 0)
dfs(5, 0, 1, 1)
dfs(4, 0, 2, 2)
dfs(0, 0, 2, 2)
dfs(1, 0, 0, 3)
dfs(5, 0, 1, 4)
dfs(4, 0, 2, 5)
dfs(0, 0, 2, 5)
dfs(1, 0, 0, 6)
dfs(5, 0, 1, 7)
maxlen(2): 1999999
dfs(2, 0, -1, 0)
dfs(0, 0, 0, 1)
dfs(1, 0, 0, 1)
dfs(5, 0, 1, 2)
dfs(4, 0, 2, 3)
dfs(0, 0, 2, 3)
dfs(1, 0, 0, 4)
dfs(5, 0, 1, 5)
dfs(4, 0, 2, 6)
dfs(0, 0, 2, 6)
dfs(1, 0, 0, 7)
maxlen(3): 1999999
dfs(3, 0, -1, 0)
dfs(2, 0, 1, 1)
dfs(0, 0, 1, 1)
dfs(1, 0, 1, 1)
dfs(5, 0, 1, 1)
dfs(4, 0, 2, 2)
dfs(0, 0, 2, 2)
dfs(1, 0, 0, 3)
dfs(5, 0, 1, 4)
dfs(4, 0, 2, 5)
dfs(0, 0, 2, 5)
dfs(1, 0, 0, 6)
dfs(5, 0, 1, 7)
maxlen(4): 1999999
dfs(4, 0, -1, 0)
dfs(0, 0, 2, 1)
dfs(1, 0, 0, 2)
dfs(5, 0, 1, 3)
dfs(4, 0, 2, 4)
dfs(0, 0, 2, 4)
dfs(1, 0, 0, 5)
dfs(5, 0, 1, 6)
dfs(4, 0, 2, 7)
dfs(0, 0, 2, 7)
maxlen(5): 1999999
dfs(5, 0, -1, 0)
dfs(4, 0, 2, 1)
dfs(0, 0, 2, 1)
dfs(1, 0, 0, 2)
dfs(5, 0, 1, 3)
dfs(4, 0, 2, 4)
dfs(0, 0, 2, 4)
dfs(1, 0, 0, 5)
dfs(5, 0, 1, 6)
dfs(4, 0, 2, 7)
maxlen(6): 1999999
Case #4
-1
